Segment 1:
m1: 0.000000 0.075000 0.100000 0.225000 0.250000 
m2: 0.250000 0.343750 0.375000 0.531250 0.562500 
gm1: -0.000447 0.104941 0.138184 0.291504 0.321332 
Segment 2:
m1: 0.250000 0.343750 0.375000 0.500000 0.500000 
m2: 0.250000 0.343750 0.375000 0.500000 0.500000 
gm1: 0.321332 0.427246 0.459961 0.584596 0.584596 
Segment 3:
m1: 0.500000 0.535714 0.571429 0.750000 0.750000 
m2: 0.312500 0.343750 0.375000 0.531250 0.531250 
gm1: 0.584596 0.619629 0.652832 0.806764 0.806764 
Segment 4:
m1: 0.750000 0.791667 0.833333 1.000000 1.000000 
m2: 0.312500 0.343750 0.375000 0.500000 0.500000 
gm1: 0.806764 0.842285 0.873535 1.000000 1.000000 
