Segment 1 :
m1: 0       0.075         0.1       0.225        0.25
m2: 0.25     0.34375       0.375     0.53125      0.5625
gm1: 0     0.10547     0.13818      0.2915     0.32178

Segment 2 :
m1: 0.25     0.34375       0.375         0.5         0.5
m2: 0.25     0.34375       0.375         0.5         0.5
gm1: 0.32178     0.42725     0.45996     0.58496     0.58496

Segment 3 :
m1: 0.5     0.53571     0.57143        0.75        0.75
m2: 0.3125     0.34375       0.375     0.53125     0.53125
gm1: 0.58496     0.61963     0.65283     0.80713     0.80713

Segment 4 :
m1: 0.75     0.79167     0.83333           1           1
m2: 0.3125     0.34375       0.375         0.5         0.5
gm1: 0.80713     0.84229       0.875           1           1

