%Store coef and node data
format long; 

coef = [
    ones(1, 15)*1.25,ones(1, 14)*1,ones(1, 6)*0.875,ones(1, 6)*0.75; 
    0,0.000976600,0.00195310,0.00292970,0.00390620,0.00488280,0.00585940,0.00683590,0.00781250,0.00878910,0.00976560,0.0107422,0.0117187,0.0131836,0.0102539,0.0717773,0.0727539,0.0737305,0.0747070,0.0756836,0.0766602,0.0776367,0.0786133,0.0795898,0.0805664,0.0815430,0.0825195,0.0834961,0.0849609,0.1474609,0.1484375,0.1494141,0.1503906,0.1508789,0.152832,0.2446289,0.2456055,0.246582,0.2475586,0.2485352,0.25
    ]; 

node = [
    0,0.00625,0.0125,0.01875,0.0250,0.03125,0.0375,0.04375,0.0500,0.05625,0.0625,0.06875,0.0750,0.100,0.225,0.250,0.2578125,0.2656250,0.2734375,0.2812500,0.2890625,0.2968750,0.3046875,0.3125,0.3203125,0.3281250,0.3359375,0.3437500,0.375,0.500,0.508928571428571,0.517857142857143,0.526785714285714,0.535714285714286,0.571428571428571,0.750,0.760416666666667,0.770833333333333,0.7812500,0.791666666666667,0.833333333333333,1
    ]; 
