%Store coef and node data
format long; 

coef = [
    1.25, 1.40488, 1.25, 1.25, 1.25, 1, 1.1239040, 1, 1, 0.875, 0.9723192, 0.875, 0.875, 0.75, 0.8334165, 0.75, 0.75; 
    -0, -0.0004318, 0.0117187, 0.0131836, 0.0102539, 0.0717773, 0.0403696, 0.0834961, 0.0849609, 0.1474609, 0.0985828, 0.1508789, 0.1528320, 0.2446289, 0.1818480, 0.2485352, 0.25 
    ]; 
% 1.40488 -> 2^0 + 2^-2 + 2^-3 + 2^-5 = 1.40625
% 1.1239040 -> 2^0 + 2^-3 = 1.125
% 0.9723192 -> 2^-1 + 2^-2 + 2^-3 + 2^-4 + 2^-5 = 0.96875
% 0.8334165 -> 2^-1 + 2^-2 + 2^-3 = 0.875 
node = [
    0, 0.00625, 0.075, 0.1, 0.225, 0.25, 0.2578125, 0.34375, 0.375, 0.5, 0.508928571428571, 15/28, 4/7, 0.75, 0.760416666666667, 19/24, 5/6, 1
    ]; 
% 0.25, 0.5, 0.75, 1
% 0.2578125 = 0.25 + 2^-7
% 0.34375 = 0.375 - 2^-5 
