format long; 

Gr = [
    2^0+2^-2, 2^0+2^-2, 2^0+2^-2, 2^0+2^-2, 2^0+2^-2; 
    2^0, 2^0, 2^0, 2^0, 2^0; 
    2^0-2^-3, 2^0-2^-3, 2^0-2^-3, 2^0-2^-3, 2^0-2^-3; 
    2^0-2^-2, 2^0-2^-2, 2^0-2^-2, 2^0-2^-2, 2^0-2^-2; 
    ]; %1.25, 1, 0.875, 0.75

m2 = [
	0.25, 0.34375, 0.375, 0.53125, 0.5625; 
    0.25, 0.34375, 0.375, 0.5, 0.5; 
	0.3125, 0.34375, 0.375, 0.53125, 0.53125; 
    0.3125, 0.34375, 0.375, 0.5, 0.5; %forcibly included m1 = 1 into the orginal algo
	]; 

m1 = (m2+1)./Gr-1; 