%Store coef and node data
format long; 

coef = [
    1.2500000, 1.2846839, 1.0000000, 1.0479203, 0.8906343, 0.7663969;
    -0.0000000, 0.0062255, 0.0717773, 0.0640149, 0.1422240, 0.2347572 
    ]; 

node = [
    0,0.00625,0.0125,0.01875,0.0250,0.03125,0.0375,0.04375,0.0500,0.05625,0.0625,0.06875,0.0750,0.100,0.225,0.250,0.2578125,0.2656250,0.2734375,0.2812500,0.2890625,0.2968750,0.3046875,0.3125,0.3203125,0.3281250,0.3359375,0.3437500,0.375,0.500,0.508928571428571,0.517857142857143,0.526785714285714,0.535714285714286,0.571428571428571,0.750,0.760416666666667,0.770833333333333,0.7812500,0.791666666666667,0.833333333333333,1
    ]; 
